[2, 100]
[4, 34]
[6, 96]
[7, 67, 83]
[9, 85]
[10, 18]
[11, 85]
[12, 8]
[13, 34, 94]
[14, 18]
[16, 55]
[17, 94]
[22, 20]
[24, 48]
[25, 83]
[26, 84]
[27, 73, 90]
[29, 95]
[31, 56]
[39, 87]
[40, 97]
[42, 89]
[46, 21]
[51, 94]
[54, 23, 75]
[57, 30]
[60, 71]
[61, 15]
[62, 87]
[65, 80]
[66, 68]
[70, 50]
[72, 37]
[74, 48]
[77, 75, 89]
[78, 88]
[79, 73, 83]
[82, 37]
[91, 76]
[92, 76]
[93, 28]
[1, 75]
[1, 63]
[3, 44]
[3, 36]
[3, 47]
[5, 81]
[5, 85]
[5, 88]
[8, 67]
[8, 37]
[15, 49]
[18, 89]
[18, 100]
[19, 23]
[19, 84]
[20, 43]
[20, 95]
[21, 69]
[23, 94]
[28, 64]
[28, 71]
[30, 90]
[30, 34]
[32, 98]
[33, 64]
[33, 38]
[35, 38]
[35, 58]
[36, 96]
[41, 84]
[41, 45]
[45, 53]
[47, 86]
[48, 58]
[48, 99]
[49, 55]
[50, 59]
[52, 90]
[53, 56]
[53, 76]
[68, 99]
[73, 87]
[75, 80]
[97, 100]
30 ms