
[84, 26]
[56, 31]
[53, 56]
[76, 91]
[76, 92]
[53, 76]
[45, 53]
[41, 45]
[84, 41]
[19, 84]
[23, 19]
[94, 17]
[94, 51]
[34, 4]
[71, 60]
[28, 71]
[28, 93]
[64, 28]
[48, 24]
[48, 74]
[68, 66]
[99, 68]
[48, 99]
[58, 48]
[35, 58]
[38, 35]
[33, 38]
[64, 33]
[52, 64]
[90, 52]
[83, 25]
[8, 12]
[37, 72]
[37, 82]
[8, 37]
[67, 8]
[18, 10]
[18, 14]
[89, 42]
[100, 2]
[97, 40]
[100, 97]
[18, 100]
[20, 22]
[95, 29]
[20, 95]
[43, 20]
[32, 43]
[98, 32]
[67, 98]
[87, 39]
[87, 62]
[73, 87]
[30, 57]
[96, 6]
[36, 96]
[3, 36]
[50, 70]
[59, 50]
[86, 59]
[47, 86]
[3, 47]
[44, 3]
[21, 44]
[21, 46]
[69, 21]
[30, 69]
[77, 75, 89, 18, 67, 7, 83, 79, 73, 27, 90, 30, 34, 13, 94, 23, 54]
[80, 65]
[75, 80]
[85, 9]
[85, 11]
[5, 85]
[88, 78]
[5, 88]
[81, 5]
[75, 81]
[1, 75]
[15, 61]
[49, 15]
[55, 16]
[49, 55]
[63, 49]
[1, 63]


Tempo de Execução: 3 ms